#height_over_sea_level	fall	net_fall	flow	power_of_hydroelectrical_turbine
0.8461540000000001	0.8211569520547946	0.8487561262409609	0.0833342500000000	0.1499576185857674
0.9487180000000001	0.9226281849315069	0.9468072599583282	0.0833342500000000	0.1626567346340363
0.2820520000000000	0.2803152808219179	0.2763826331658292	0.5833337500000000	0.3712022126987706
0.2051290000000000	0.2042118561643837	0.2028442828778036	0.5833337500000000	0.3303659799255667
1.0000000000000000	0.9614409315068494	0.9412918836867264	0.8333335000000001	0.8948250401488667
0.7435900000000001	0.7128364109589043	0.7237409307513176	0.5000005000000000	0.5116443399120335
0.2564110000000000	0.2562158630136986	0.2579980455938229	0.5000005000000000	0.3091816918912823
0.7948720000000000	0.7970575342465753	0.8038977325652653	0.0000010000000000	0.0633480002255554
0.2051290000000000	0.2080170273972602	0.2212288704498102	0.3333340000000000	0.1839681212360438
0.5128210000000001	0.4845261369863014	0.5031258798872412	0.5000005000000000	0.4246623764520130
0.0000010000000000	0.0038061712328767	0.0191209710748867	0.4166672500000000	0.1487653982181121
0.0000010000000000	0.0050745616438357	0.0251266030150753	0.3333340000000000	0.1068873152137138
0.1794880000000000	0.1813808287671233	0.1907104550802795	0.4166672500000000	0.2247971935265592
0.6923080000000000	0.6659059657534249	0.6918743122931730	0.2500007500000000	0.2724054528025261
0.4615390000000000	0.4337905205479453	0.4541003130285575	0.5000005000000000	0.4044733955114470
0.4358980000000000	0.4058859315068495	0.4167183182988111	0.6666670000000000	0.5053717570768017
0.4615390000000000	0.4672760273972602	0.4852315479838215	0.0000010000000000	0.0139693116048269
0.5897440000000000	0.5644347328767125	0.5938231785758057	0.2500007500000000	0.2461515430246983
0.9487180000000001	0.9132420958904113	0.9069739868856477	0.6666670000000000	0.7357459666177963
0.4358980000000000	0.4096911027397260	0.4358382893736977	0.4166672500000000	0.3326197418518100
0.8717950000000001	0.8346018904109590	0.8187279665400172	0.8333335000000001	0.8312202625465208
0.3076930000000000	0.3122787191780821	0.3287174257874738	0.1666675000000000	0.1048000345099808
0.5128210000000001	0.4832577465753426	0.4969976840299057	0.5833337500000000	0.4854137017029435
0.7435900000000001	0.7077628493150685	0.6961640493933081	0.8333335000000001	0.7654190068794406
0.9487180000000001	0.9145104863013701	0.9137150023287168	0.5833337500000000	0.6615937980151123
0.6666670000000000	0.6435822945205479	0.6771666422355681	0.0833342500000000	0.1195219869177850
0.1538470000000000	0.1585498013698630	0.1771058602769948	0.2500007500000000	0.1146994018269989
0.8974360000000000	0.8650432602739727	0.8708176313273687	0.5000005000000000	0.5663271560843577
0.1025650000000000	0.1027406232876713	0.1047931491604363	0.5833337500000000	0.2782609375211458
0.9230770000000000	0.8957383082191781	0.9170242280916778	0.1666675000000000	0.2432372265704296
0.1794880000000000	0.1775756575342466	0.1715904840053928	0.6666670000000000	0.3560613720536822
0.8717950000000001	0.8731609589041095	0.8774360828532909	0.0000010000000000	0.0705407050862749
0.7948720000000000	0.7597668561643836	0.7525434512807943	0.7500002500000000	0.7339612163076576
1.0000000000000000	0.9652461027397262	0.9627405691874005	0.5833337500000000	0.6795469182361565
0.5384620000000000	0.5060887739726027	0.5074156169873759	0.7500002500000000	0.6062898099695502
0.6153850000000001	0.5821921986301369	0.5809539672754015	0.7500002500000000	0.6464547474906960
0.4358980000000000	0.4419082191780820	0.4607187645544797	0.0000010000000000	0.0096497504229164
0.8205130000000000	0.7851346643835616	0.7770562347101361	0.7500002500000000	0.7462235429119207
0.2051290000000000	0.2054802465753425	0.2089724787351391	0.5000005000000000	0.2843885205819330
0.1282060000000000	0.1268400410958904	0.1225649171467091	0.6666670000000000	0.3287047479418067
0.5128210000000001	0.4913754452054794	0.5300899416595171	0.0833342500000000	0.0898059837600090
0.8461540000000001	0.8196348835616438	0.8434858778036523	0.1666675000000000	0.2293834826886207
0.0000010000000000	0.0000010000000000	0.0000010000000000	0.6666670000000000	0.2221012717942935
0.8717950000000001	0.8358702808219178	0.8260818015688197	0.7500002500000000	0.7698513456636970
0.5384620000000000	0.5073571643835619	0.5147694520161784	0.6666670000000000	0.5538142125859931
0.0512830000000000	0.0507366164383562	0.0490265668586837	0.6666670000000000	0.2807044522386376
0.2820520000000000	0.2815836712328768	0.2825108290231647	0.5000005000000000	0.3221725976091124
0.2564110000000000	0.2615431027397259	0.2796918589287902	0.1666675000000000	0.0907995007330551
0.0512830000000000	0.0520050068493152	0.0557675823017526	0.5833337500000000	0.2509168442539754
0.5641030000000000	0.5377985342465753	0.5644078384605958	0.3333340000000000	0.3105887267395962
0.0769240000000000	0.0824463767123288	0.1035675099889693	0.2500007500000000	0.0920507950828916
0.2820520000000000	0.2884329794520547	0.3094748907954405	0.0833342500000000	0.0395393952858915
0.5641030000000000	0.5421110616438356	0.5791155085182007	0.0833342500000000	0.0997823262659298
0.3846160000000000	0.3526135342465753	0.3529850813825224	0.8333335000000001	0.5450032386376452
0.9487180000000001	0.9211061164383562	0.9415370115210197	0.1666675000000000	0.2473258621856321
0.9487180000000001	0.9183156575342466	0.9320995899007233	0.3333340000000000	0.4167357221157100
0.5641030000000000	0.5276514109589043	0.5074156169873759	1.0000000000000000	0.7292012854403971
0.2564110000000000	0.2511423013698630	0.2304211642358133	0.8333335000000001	0.4673943470170294
0.4102570000000000	0.3855916849315068	0.4173311378845447	0.3333340000000000	0.2602469531972482
0.1282060000000000	0.1331819931506849	0.1525930768476529	0.2500007500000000	0.1058078724484041
0.2051290000000000	0.2108074863013698	0.2306662920701065	0.1666675000000000	0.0758716844479530
0.0256420000000000	0.0266371986301371	0.0312547988724108	0.5833337500000000	0.2362754472764182
0.4615390000000000	0.4261801780821919	0.4093644832700086	1.0000000000000000	0.6454862922070599
0.3846160000000000	0.3630143356164383	0.4022557760754993	0.1666675000000000	0.1252825952407804
0.4358980000000000	0.4046175410958903	0.4093644832700086	0.7500002500000000	0.5450945347919252
0.0000010000000000	0.0025377808219178	0.0128702113004044	0.5000005000000000	0.1873568196684335
0.3589750000000000	0.3526135342465753	0.3284722979531806	0.8333335000000001	0.5306303597609113
0.0000010000000000	0.0078650205479453	0.0345640246353719	0.1666675000000000	0.0164271472876959
0.4871800000000000	0.4604267191780821	0.4848638562323814	0.4166672500000000	0.3516952677342957
0.7179490000000001	0.7209541095890410	0.7303593822772398	0.0000010000000000	0.0540268418856434
0.5384620000000000	0.5124307260273973	0.5398950550312540	0.3333340000000000	0.3025296034735536
0.9230770000000000	0.8891426780821919	0.8892022188993750	0.5833337500000000	0.6519020846960640
0.5128210000000001	0.4898533767123286	0.5248196932222086	0.1666675000000000	0.1572792121348821
0.6666670000000000	0.6420602260273972	0.6718963937982595	0.1666675000000000	0.1922975527235818
0.7179490000000001	0.6943179109589042	0.7261922090942518	0.0833342500000000	0.1288288242923198
0.8717950000000001	0.8320651095890413	0.8015690181394779	1.0000000000000000	0.9203682720198488
0.7948720000000000	0.7704213356164383	0.7997305593822772	0.0833342500000000	0.1423997291079283
0.3076930000000000	0.3069514794520548	0.3070236124525065	0.5000005000000000	0.3348001088304950
0.8205130000000000	0.7813294931506851	0.7525434512807943	1.0000000000000000	0.8892720858238412
0.7948720000000000	0.7648404178082192	0.7790172573844834	0.4166672500000000	0.4545018979361679
0.2307700000000000	0.2361752945205478	0.2551790754994483	0.1666675000000000	0.0835011787526785
0.9230770000000000	0.8904110684931508	0.8953304147567105	0.5000005000000000	0.5739530701477389
0.4871800000000000	0.4644855684931506	0.5003069097928666	0.1666675000000000	0.1511194069019962
0.3589750000000000	0.3602238767123286	0.3683055710258611	0.3333340000000000	0.2416619203789331
0.7435900000000001	0.7090312397260273	0.7035178844221106	0.7500002500000000	0.7091322425848654
0.9743590000000001	0.9398782945205482	0.9382277857580587	0.5833337500000000	0.6705336606518552
0.5128210000000001	0.4857945273972603	0.5093766396617233	0.4166672500000000	0.3605277231307093
0.7948720000000000	0.7635720273972604	0.7727664976100014	0.5000005000000000	0.5306214091575505
0.8717950000000001	0.8396754520547947	0.8463048478980268	0.5000005000000000	0.5575126018946657
0.1538470000000000	0.1522078493150685	0.1470777005760510	0.6666670000000000	0.3424081216871546
0.2307700000000000	0.2257744931506849	0.2059083808064713	0.8333335000000001	0.4508625826096764
0.2051290000000000	0.2123295547945205	0.2359365405074151	0.0833342500000000	0.0206554123153265
0.6153850000000001	0.5783870273972604	0.5564411838460597	1.0000000000000000	0.7607342610804105
0.1282060000000000	0.1306452123287671	0.1416848882215958	0.4166672500000000	0.2036952510431938
0.5384620000000000	0.5167432534246575	0.5546027250888589	0.0833342500000000	0.0950492472087515
0.7179490000000001	0.6874686027397261	0.6992281473219758	0.5000005000000000	0.5023249716927936
0.4358980000000000	0.4152720205479452	0.4565515913714915	0.0833342500000000	0.0736394039697756
0.1794880000000000	0.1750388767123287	0.1568828139477877	0.8333335000000001	0.4042496304274276
0.7692310000000000	0.7318622671232878	0.7120973586223801	0.9166667500000000	0.8221389803766777
0.9230770000000000	0.8942162397260277	0.9124893631572495	0.2500007500000000	0.3261126532085259
0.1025650000000000	0.1052774041095890	0.1171721047922540	0.4166672500000000	0.1931729217322657
0.8205130000000000	0.7927450068493154	0.8144382294398822	0.2500007500000000	0.3027587389195894
0.8974360000000000	0.8574329178082194	0.8260818015688197	1.0000000000000000	0.9387850334949814
0.7179490000000001	0.6927958424657534	0.7209219606569431	0.1666675000000000	0.2096509825194541
0.4871800000000000	0.4660076369863013	0.5055771582301752	0.0833342500000000	0.0845698807939551
0.7948720000000000	0.7661088082191780	0.7850228893246722	0.3333340000000000	0.3761322050298860
0.5128210000000001	0.4883313082191783	0.5202848282877802	0.2500007500000000	0.2256636119318823
0.3589750000000000	0.3645364041095890	0.3830132410834661	0.0833342500000000	0.0572186270440961
0.2051290000000000	0.2016750753424656	0.1887494324059321	0.7500002500000000	0.4071102432615314
0.8461540000000001	0.8130392534246578	0.8156638686113495	0.5833337500000000	0.6229486729446262
0.6153850000000001	0.5885341506849314	0.6134334053192795	0.3333340000000000	0.3253160495094169
0.4615390000000000	0.4350589109589041	0.4603510728030396	0.4166672500000000	0.3419749124844930
0.8205130000000000	0.7957891438356165	0.8242433428116190	0.0833342500000000	0.1462144762602910
0.8717950000000001	0.8422122328767123	0.8585612396126977	0.3333340000000000	0.3966076052779970
0.6153850000000001	0.5872657602739726	0.6074277733790906	0.4166672500000000	0.3960365567835796
0.6923080000000000	0.6544904520547947	0.6299795341340851	1.0000000000000000	0.8064521529265818
0.5128210000000001	0.4794525753424657	0.4755489985292316	0.8333335000000001	0.6286860096988836
0.1794880000000000	0.1801124383561644	0.1844596953057972	0.5000005000000000	0.2722908850795083
0.0769240000000000	0.0773728150684933	0.0802803657310945	0.5833337500000000	0.2650892296154280
0.7435900000000001	0.7196857191780822	0.7507049925235936	0.0833342500000000	0.1340685074997181
0.5128210000000001	0.4870629178082191	0.5153822716019121	0.3333340000000000	0.2946602329987594
0.8974360000000000	0.8637748698630139	0.8646894354700332	0.5833337500000000	0.6423034576519679
0.0769240000000000	0.0811779863013699	0.0986649533031008	0.3333340000000000	0.1365693060787188
0.7179490000000001	0.6900053835616438	0.7114845390366468	0.3333340000000000	0.3548226085485507
0.1538470000000000	0.1615939383561643	0.1869109736487314	0.0833342500000000	0.0076501856321191
0.4871800000000000	0.4616951095890410	0.4908694881725703	0.3333340000000000	0.2864310482688620
0.2307700000000000	0.2376973630136986	0.2604493239367569	0.0833342500000000	0.0269566370813127
0.7692310000000000	0.7435314589041095	0.7699475275156268	0.1666675000000000	0.2143804813352881
0.2051290000000000	0.2067486369863014	0.2152232385096213	0.4166672500000000	0.2354305103191610
0.8974360000000000	0.8688484315068495	0.8879765797279077	0.2500007500000000	0.3203251930754482
0.2307700000000000	0.2346532260273975	0.2506442105650201	0.2500007500000000	0.1393225116724935
0.3333340000000000	0.3391685958904109	0.3585004576541242	0.0833342500000000	0.0515027717379046
0.5897440000000000	0.5555560000000000	0.5490873488172572	0.8333335000000001	0.6772734649825195
0.3846160000000000	0.3589554863013698	0.3868127225150141	0.4166672500000000	0.3127046493740836
0.2564110000000000	0.2574842534246575	0.2642488053683049	0.4166672500000000	0.2576924509980827
0.8717950000000001	0.8465247602739726	0.8732689096703027	0.0833342500000000	0.1543273031464983
0.6666670000000000	0.6329278150684932	0.6299795341340851	0.7500002500000000	0.6715916219690991
0.7179490000000001	0.6823950410958904	0.6716512659639663	0.8333335000000001	0.7505269930077818
0.6153850000000001	0.5809238082191781	0.5736001322465990	0.8333335000000001	0.6927687495206947
0.1538470000000000	0.1560130205479452	0.1661976716509376	0.4166672500000000	0.2141227039584978
0.3846160000000000	0.3551503150684933	0.3676927514401274	0.6666670000000000	0.4759547040712754
0.7179490000000001	0.6836634315068493	0.6790051009927688	0.7500002500000000	0.6965691757076803
0.1538470000000000	0.1509394589041097	0.1397238655472485	0.7500002500000000	0.3737406038118867
0.6410260000000001	0.6182144863013699	0.6526538588062263	0.0833342500000000	0.1148085991880004
0.5897440000000000	0.5631663424657534	0.5889206218899377	0.3333340000000000	0.3179890855982858
0.9743590000000001	0.9386099041095893	0.9314867703149895	0.6666670000000000	0.7458637286568175
0.7435900000000001	0.7052260684931508	0.6790051009927688	1.0000000000000000	0.8378902521709710
0.2820520000000000	0.2765101095890410	0.2549339476651551	0.8333335000000001	0.4841570369910906
0.4102570000000000	0.3830549041095891	0.4050747461698738	0.5000005000000000	0.3837527487312507
0.2564110000000000	0.2600210342465755	0.2751569939943619	0.2500007500000000	0.1474228077139957
0.8205130000000000	0.7914766164383561	0.8095356727540141	0.3333340000000000	0.3828236761024021
0.7948720000000000	0.7559616849315071	0.7280306678514524	1.0000000000000000	0.8721460013533325
0.9230770000000000	0.8866058972602739	0.8751073684275034	0.7500002500000000	0.7933395190030451
0.6410260000000001	0.6166924178082192	0.6473836103689177	0.1666675000000000	0.1867714502086388
1.0000000000000000	0.9690512739726027	0.9811251567594069	0.3333340000000000	0.4372809370700349
0.8205130000000000	0.7902082260273973	0.8035300408138252	0.4166672500000000	0.4628313294237059
0.6153850000000001	0.5796554178082193	0.5650206580463292	0.9166667500000000	0.7249175266719297
0.4615390000000000	0.4312537397260276	0.4412311017281529	0.6666670000000000	0.5178381574376903
0.7692310000000000	0.7450535273972603	0.7752177759529354	0.0833342500000000	0.1379315879102289
0.4102570000000000	0.4165404109589040	0.4362059811251379	0.0000010000000000	0.0052693251381527
0.3846160000000000	0.3576870958904110	0.3805619627405320	0.5000005000000000	0.3725465933235592
0.9743590000000001	0.9373415136986302	0.9241329352861870	0.7500002500000000	0.8163282486748620
0.0256420000000000	0.0332328287671233	0.0590768080647137	0.1666675000000000	0.0238239259050412
0.7179490000000001	0.6912737739726030	0.7163870957225148	0.2500007500000000	0.2788105045674975
0.3333340000000000	0.3297825068493153	0.3186671845814438	0.6666670000000000	0.4432885820457877
0.5641030000000000	0.5365301438356165	0.5584022065204070	0.4166672500000000	0.3782749794744558
0.6153850000000001	0.6194828767123287	0.6323082485598726	0.0000010000000000	0.0431518588023007
0.6410260000000001	0.6088283972602743	0.6128205857335458	0.6666670000000000	0.6020830263899855
0.3333340000000000	0.3348560684931506	0.3437927875965193	0.3333340000000000	0.2320847747829029
0.1538470000000000	0.1600718698630138	0.1816407252114229	0.1666675000000000	0.0617565829480095
0.0769240000000000	0.0786412054794521	0.0864085615884299	0.5000005000000000	0.2250388598173001
0.7948720000000000	0.7572300753424659	0.7366101420517219	0.9166667500000000	0.8371974754708470
0.3333340000000000	0.3335876780821918	0.3377871556563304	0.4166672500000000	0.2912715345663697
0.6666670000000000	0.6405381575342468	0.6673615288638312	0.2500007500000000	0.2658679321078155
0.8974360000000000	0.8612380890410959	0.8505945849981615	0.7500002500000000	0.7836191637532424
0.8974360000000000	0.8625064794520551	0.8579484200269640	0.6666670000000000	0.7150038383895342
0.9230770000000000	0.8828007260273975	0.8505945849981615	1.0000000000000000	0.9539742073982183
0.5897440000000000	0.5606295616438357	0.5766642301752667	0.5000005000000000	0.4541743058531635
0.0512830000000000	0.0545417876712328	0.0681465379335703	0.4166672500000000	0.1715035109958272
0.8205130000000000	0.7825978835616439	0.7611229254810638	0.9166667500000000	0.8516759714672382
0.6923080000000000	0.6674280342465753	0.6964091772276013	0.1666675000000000	0.1979632846509529
0.4102570000000000	0.3843232945205479	0.4113255059443559	0.4166672500000000	0.3230139543250253
0.8205130000000000	0.7876714452054796	0.7911510851820077	0.5833337500000000	0.6129043058531635
1.0000000000000000	0.9733638013698630	0.9958328268170118	0.0833342500000000	0.1681434544941919
1.0000000000000000	0.9639777123287674	0.9559995537443313	0.6666670000000000	0.7561837743317921
0.3076930000000000	0.3056830890410960	0.3008954165951711	0.5833337500000000	0.3853173141987143
0.9487180000000001	0.9107053150684932	0.8922663168280428	0.8333335000000001	0.8696648941017255
0.1794880000000000	0.1763072671232878	0.1642366489765903	0.7500002500000000	0.3912282926581707
0.7435900000000001	0.7064944589041097	0.6875845751930383	0.9166667500000000	0.8065165972707793
0.1025650000000000	0.1078141849315069	0.1277126016668710	0.2500007500000000	0.0967677630540205
0.5384620000000000	0.5022836027397262	0.4829028335580341	1.0000000000000000	0.7108095856546748
1.0000000000000000	0.9703196643835619	0.9860277134452750	0.2500007500000000	0.3501163813014548
0.5897440000000000	0.5580927808219180	0.5637950188748621	0.6666670000000000	0.5778107801962333
0.6923080000000000	0.6570272328767124	0.6471384825346245	0.8333335000000001	0.7368003476936957
0.4358980000000000	0.4109594931506848	0.4418439213138866	0.3333340000000000	0.2691724948686139
0.4871800000000000	0.4528163767123288	0.4424567408996199	0.9166667500000000	0.6430714194203225
0.5641030000000000	0.5352617534246576	0.5521514467459249	0.5000005000000000	0.4443554939663922
0.5128210000000001	0.4807209657534245	0.4829028335580341	0.7500002500000000	0.5917146474568626
0.3846160000000000	0.3602238767123286	0.3928183544552029	0.3333340000000000	0.2514127076801623
0.9230770000000000	0.8840691164383563	0.8591740591984310	0.9166667500000000	0.9097027330551484
0.8461540000000001	0.8079656917808220	0.7856357089104056	0.9166667500000000	0.8662905166347129
0.4871800000000000	0.4578899383561645	0.4724849006005639	0.5833337500000000	0.4741824846058419
0.8461540000000001	0.8143076438356166	0.8217920644686850	0.5000005000000000	0.5485047146723808
0.3846160000000000	0.3513451438356165	0.3444056071822526	0.9166667500000000	0.4332549556783579
0.6666670000000000	0.6367329863013700	0.6502025804632922	0.5000005000000000	0.4832440754482914
0.2564110000000000	0.2498739109589042	0.2218416900355435	0.9166667500000000	0.4599617659862412
0.2820520000000000	0.2752417191780822	0.2463544734648853	0.9166667500000000	0.4945504776136235
0.0769240000000000	0.0761044246575343	0.0735393502880255	0.6666670000000000	0.2974474508853051
0.6153850000000001	0.5898025410958907	0.6183359620051475	0.2500007500000000	0.2527714092703282
0.2307700000000000	0.2270428835616437	0.2132622158352740	0.7500002500000000	0.4214365790007893
0.5384620000000000	0.5136991164383564	0.5447976117171220	0.2500007500000000	0.2322924287808729
0.3589750000000000	0.3614922671232879	0.3732081277117292	0.2500007500000000	0.1806617683545731
0.8461540000000001	0.8155760342465754	0.8280428242431670	0.4166672500000000	0.4706684777264012
0.7948720000000000	0.7688992671232876	0.7944603109449686	0.1666675000000000	0.2193015230630427
0.4871800000000000	0.4553531575342465	0.4583900501286923	0.7500002500000000	0.5787130010149996
0.2307700000000000	0.2295796643835618	0.2273570663071456	0.5833337500000000	0.3435537989173339
0.6410260000000001	0.6448506849315068	0.6568210319892144	0.0000010000000000	0.0436280309010939
0.9487180000000001	0.9195840479452058	0.9370021465865913	0.2500007500000000	0.3314507930528927
0.4615390000000000	0.4299853493150684	0.4338772666993504	0.7500002500000000	0.5615081512349159
0.7692310000000000	0.7331306575342467	0.7206768328226499	0.8333335000000001	0.7781700364272021
0.6410260000000001	0.6113651780821919	0.6256897970339503	0.5000005000000000	0.4736597693695725
0.4358980000000000	0.4137499520547944	0.4512813429341830	0.1666675000000000	0.1383683773542348
0.1794880000000000	0.1854396780821917	0.2061535086407647	0.1666675000000000	0.0690907073418293
0.8461540000000001	0.8066973013698632	0.7770562347101361	1.0000000000000000	0.9064751454832526
0.9743590000000001	0.9436834657534247	0.9566123733300651	0.3333340000000000	0.4225822562309687
0.7692310000000000	0.7394726095890412	0.7545044739551415	0.4166672500000000	0.4463854908086162
0.6923080000000000	0.6646375753424657	0.6869717556073049	0.3333340000000000	0.3481114461486410
0.4358980000000000	0.4084227123287671	0.4295875295992156	0.5000005000000000	0.3943234113003269
0.0256420000000000	0.0317107602739726	0.0545419431302856	0.2500007500000000	0.0712746545618586
0.2307700000000000	0.2308480547945206	0.2334852621644811	0.5000005000000000	0.2965667115146047
0.1282060000000000	0.1347040616438357	0.1571279417820810	0.1666675000000000	0.0542828291417616
0.7948720000000000	0.7584984657534247	0.7451896162519918	0.8333335000000001	0.7916156327957596
0.1794880000000000	0.1826492191780823	0.1967160870204681	0.3333340000000000	0.1745825185519341
0.5128210000000001	0.5180116438356164	0.5342571148425053	0.0000010000000000	0.0227194214503214
0.5641030000000000	0.5327249726027400	0.5392822354455202	0.6666670000000000	0.5657578977106125
0.5897440000000000	0.5530192191780824	0.5319284004167177	1.0000000000000000	0.7449991003721665
0.6666670000000000	0.6392697671232876	0.6624589721779631	0.3333340000000000	0.3407468897033946
0.4358980000000000	0.4071543219178083	0.4234593337418802	0.5833337500000000	0.4516269641366866
0.3076930000000000	0.3018779178082192	0.2794467310944970	0.8333335000000001	0.5010002823953987
0.8974360000000000	0.8703704999999999	0.8925114446623359	0.1666675000000000	0.2385095178752678
0.1794880000000000	0.1869617465753424	0.2114237570780733	0.0833342500000000	0.0138869660539077
0.6153850000000001	0.5834605890410961	0.5883078023042040	0.6666670000000000	0.5898887243712643
0.3076930000000000	0.3138007876712328	0.3339876742247824	0.0833342500000000	0.0453286455396413
0.9230770000000000	0.8929478493150684	0.9075868064713813	0.3333340000000000	0.4100746830946205
0.7179490000000001	0.6798582602739728	0.6544923175634270	1.0000000000000000	0.8228926211796550
0.4102570000000000	0.3868600753424659	0.4222336945704128	0.2500007500000000	0.1957685967068907
0.6923080000000000	0.6689501027397260	0.7016794256649099	0.0833342500000000	0.1241369180106011
1.0000000000000000	0.9601725410958906	0.9327124094864566	0.9166667500000000	0.9507519901883389
0.7435900000000001	0.7166415821917811	0.7408998791518567	0.2500007500000000	0.2903997457990301
0.1025650000000000	0.1002038424657535	0.0906982986885648	0.7500002500000000	0.3298164128792150
0.4102570000000000	0.3792497328767122	0.3848516998406667	0.7500002500000000	0.5381524468253074
0.4102570000000000	0.3754445616438357	0.3603389164113249	1.0000000000000000	0.6032287036201647
0.9230770000000000	0.8972603767123288	0.9222944765289863	0.0833342500000000	0.1594327273034848
0.1025650000000000	0.1040090136986302	0.1109213450177717	0.5000005000000000	0.2367426687718507
0.2564110000000000	0.2587526438356163	0.2702544373084938	0.3333340000000000	0.2058147539190256
0.0000010000000000	0.0020304246575342	0.0067420154430690	0.5833337500000000	0.2196917693695726
0.9230770000000000	0.8853375068493151	0.8677535333987009	0.8333335000000001	0.8566453464531409
0.8974360000000000	0.8599696986301371	0.8432407499693590	0.8333335000000001	0.8439945636630203
0.4871800000000000	0.4540847671232877	0.4510362150998898	0.8333335000000001	0.6116189992105561
0.2051290000000000	0.2092854178082194	0.2261314271356782	0.2500007500000000	0.1307746854629525
0.1794880000000000	0.1788440479452056	0.1783314994484618	0.5833337500000000	0.3170761240554866
0.2307700000000000	0.2321164452054794	0.2397360219389631	0.4166672500000000	0.2462589502650276
0.8717950000000001	0.8384070616438358	0.8401766520406914	0.5833337500000000	0.6324864358858689
0.3589750000000000	0.3551503150684933	0.3431799680107856	0.6666670000000000	0.4593781866471185
0.5641030000000000	0.5314565821917808	0.5319284004167177	0.7500002500000000	0.6197085545280252
0.3589750000000000	0.3538819246575342	0.3358261329819831	0.7500002500000000	0.4958518953422804
0.4615390000000000	0.4287169589041095	0.4265234316705480	0.8333335000000001	0.5932917437690313
0.9487180000000001	0.9119737054794520	0.8996201518568452	0.7500002500000000	0.8049019084244954
0.4871800000000000	0.4515479863013700	0.4338772666993504	1.0000000000000000	0.6693790328183151
1.0000000000000000	1.0000000000000000	1.0000000000000000	0.0000010000000000	0.0781522981842788
0.2564110000000000	0.2524106917808218	0.2377749992646158	0.7500002500000000	0.4360206921168376
1.0000000000000000	0.9665144931506851	0.9688687650447360	0.5000005000000000	0.5982951310477049
0.5384620000000000	0.5111623356164384	0.5338894230910651	0.4166672500000000	0.3693655488891395
0.4102570000000000	0.3883821438356163	0.4267685595048412	0.1666675000000000	0.1321817203112665
0.5384620000000000	0.5035519931506850	0.4914823077583036	0.9166667500000000	0.6733942734859593
0.3333340000000000	0.3285141164383560	0.3113133495526413	0.7500002500000000	0.4798893893086726
0.3846160000000000	0.3645364041095890	0.4075260245128079	0.0833342500000000	0.0625388656817413
0.1282060000000000	0.1281084315068494	0.1293059325897781	0.5833337500000000	0.2908884487425284
0.8461540000000001	0.8092340821917808	0.7942151831106754	0.8333335000000001	0.8180897274162626
0.8461540000000001	0.8105024726027397	0.8015690181394779	0.7500002500000000	0.7580401294688169
0.5897440000000000	0.5659568013698629	0.5983580435102340	0.1666675000000000	0.1753075174241570
0.4615390000000000	0.4391177602739725	0.4757941263635248	0.1666675000000000	0.1449649720311267
0.1282060000000000	0.1255716506849316	0.1152110821179067	0.7500002500000000	0.3575113697981279
0.6410260000000001	0.6062916164383562	0.5981129156759408	0.8333335000000001	0.7063539753016804
0.9487180000000001	0.9492643835616438	0.9509744331413164	0.0000010000000000	0.0774237190707116
0.7179490000000001	0.6887369931506849	0.7054789070964579	0.4166672500000000	0.4302099604150219
0.9743590000000001	0.9411466849315070	0.9443559816153941	0.5000005000000000	0.5912205741513478
0.8717950000000001	0.8371386712328770	0.8334356365976222	0.6666670000000000	0.7046050274049848
0.7179490000000001	0.6811266506849316	0.6630717917636965	0.9166667500000000	0.7911824235930980
0.1282060000000000	0.1319136027397261	0.1476905201617845	0.3333340000000000	0.1557558194428780
0.1282060000000000	0.1293768219178083	0.1354341284471136	0.5000005000000000	0.2485395640013534
0.5384620000000000	0.5152211849315068	0.5493324766515504	0.1666675000000000	0.1634443877297846
0.2307700000000000	0.2283112739726029	0.2206160508640765	0.6666670000000000	0.3839210200744332
0.4615390000000000	0.4325221301369864	0.4479721171712220	0.5833337500000000	0.4628134282169843
0.2820520000000000	0.2790468904109591	0.2696416177227601	0.6666670000000000	0.4124430127438817
0.8205130000000000	0.7889398356164384	0.7972792810393432	0.5000005000000000	0.5393034944175031
0.4615390000000000	0.4363273013698629	0.4663567047432284	0.3333340000000000	0.2776290249238750
0.1282060000000000	0.1362261301369863	0.1623981902193896	0.0833342500000000	0.0015172322093154
0.6410260000000001	0.6037548356164385	0.5809539672754015	1.0000000000000000	0.7761722617570769
0.0512830000000000	0.0558101780821919	0.0741521698737590	0.3333340000000000	0.1269653086726062
0.3589750000000000	0.3500767534246577	0.3113133495526413	1.0000000000000000	0.5451679297394835
1.0000000000000000	0.9677828835616439	0.9751195248192180	0.4166672500000000	0.5142418050073305
0.9743590000000001	0.9746321917808218	0.9754872165706582	0.0000010000000000	0.0778658788767340
0.9230770000000000	0.9238965753424657	0.9264616497119745	0.0000010000000000	0.0758913757753468
0.8717950000000001	0.8450026917808219	0.8679986612329941	0.1666675000000000	0.2342293393481448
0.3076930000000000	0.3094882602739725	0.3192800041671774	0.3333340000000000	0.2242941696176836
0.8974360000000000	0.8718925684931507	0.8977816930996445	0.0833342500000000	0.1572040270666516
0.3846160000000000	0.3564187054794521	0.3744337668831966	0.5833337500000000	0.4290159499266944
0.8205130000000000	0.7942670753424658	0.8189730943743104	0.1666675000000000	0.2241420093605504
0.0769240000000000	0.0839684452054795	0.1081023749233974	0.1666675000000000	0.0386926682079621
0.5897440000000000	0.5674788698630137	0.6036282919475425	0.0833342500000000	0.1049826268185407
0.2564110000000000	0.2630651712328766	0.2849621073660987	0.0833342500000000	0.0331916273824292
0.4615390000000000	0.4375956917808221	0.4712592614290965	0.2500007500000000	0.2128606688846283
0.5641030000000000	0.5289198013698632	0.5159950911876454	0.9166667500000000	0.6899797415134770
0.4102570000000000	0.3805181232876714	0.3922055348694692	0.6666670000000000	0.4917578893650615
0.3333340000000000	0.3272457260273972	0.3039595145238388	0.8333335000000001	0.5156846422690877
0.0256420000000000	0.0279055890410959	0.0373829947297463	0.5000005000000000	0.1999771704071275
0.3846160000000000	0.3500767534246577	0.3358261329819831	1.0000000000000000	0.5782797918123380
0.0769240000000000	0.0748360342465754	0.0661855152592230	0.7500002500000000	0.2993700404871997
0.3076930000000000	0.3031463082191780	0.2868005661232995	0.7500002500000000	0.4649955853163416
0.4871800000000000	0.4566215479452057	0.4657438851574947	0.6666670000000000	0.5297209784594564
0.5384620000000000	0.5433794520547944	0.5587698982718471	0.0000010000000000	0.0270175011841660
0.5641030000000000	0.5405889931506849	0.5738452600808922	0.1666675000000000	0.1691870948460584
0.7692310000000000	0.7716897260273972	0.7793849491359235	0.0000010000000000	0.0608472016465546
0.8461540000000001	0.8181128150684934	0.8389510128692240	0.2500007500000000	0.3090223711514604
0.5128210000000001	0.4819893561643838	0.4902566685868365	0.6666670000000000	0.5417129968422240
0.2820520000000000	0.2869109109589040	0.3042046423581320	0.1666675000000000	0.0977415886996729
0.5897440000000000	0.5941150684931507	0.6077954651305307	0.0000010000000000	0.0356888457200857
0.8461540000000001	0.8168444246575343	0.8340484561833559	0.3333340000000000	0.3901023067553850
0.2820520000000000	0.2828520616438356	0.2887615887976467	0.4166672500000000	0.2689075570091349
0.6153850000000001	0.5928466780821918	0.6281410753768844	0.0833342500000000	0.1100880509755272
0.4358980000000000	0.4122278835616440	0.4467464779997547	0.2500007500000000	0.2032745726852374
0.9487180000000001	0.9094369246575343	0.8836868426277729	0.9166667500000000	0.9231143171309349
0.7692310000000000	0.7382042191780823	0.7482537141806596	0.5000005000000000	0.5207864861847300
0.6923080000000000	0.6557588424657536	0.6385590083343546	0.9166667500000000	0.7765034340814255
0.9487180000000001	0.9157788767123289	0.9198431981860523	0.5000005000000000	0.5830468831622873
0.3333340000000000	0.3310508972602741	0.3254082000245129	0.5833337500000000	0.4009128454945302
0.8461540000000001	0.8477931506849314	0.8529232994239491	0.0000010000000000	0.0680416966279463
0.4358980000000000	0.4020807602739727	0.3934311740409362	0.9166667500000000	0.6130045526108041
0.1538470000000000	0.1534762397260275	0.1538187160191199	0.5833337500000000	0.3038292310815382
0.4871800000000000	0.4591583287671233	0.4786130964578993	0.5000005000000000	0.4144837503101387
0.3589750000000000	0.3589554863013698	0.3622999390856723	0.4166672500000000	0.3019907771512348
0.3846160000000000	0.3538819246575342	0.3603389164113249	0.7500002500000000	0.5119522406676441
0.9743590000000001	0.9464739246575342	0.9660497949503615	0.1666675000000000	0.2508559801511220
0.6923080000000000	0.6621007945205480	0.6747153638926340	0.5000005000000000	0.4929089369572572
0.3846160000000000	0.3911726027397259	0.4116931976957960	0.0000010000000000	0.0000010000000000
0.9743590000000001	0.9360731232876713	0.9167791002573846	0.8333335000000001	0.8824356149768806
0.3333340000000000	0.3376465273972601	0.3532302092168156	0.1666675000000000	0.1117045299424833
0.6410260000000001	0.6139019589041096	0.6379461887486213	0.3333340000000000	0.3333644320514266
0.7948720000000000	0.7673771986301372	0.7899254460105404	0.2500007500000000	0.2972129450772527
0.9743590000000001	0.9335363424657537	0.8996201518568452	1.0000000000000000	0.9988990757866246
0.8717950000000001	0.8333335000000002	0.8101484923397474	0.9166667500000000	0.8818520356377580
0.6923080000000000	0.6955863013698630	0.7058465988478980	0.0000010000000000	0.0505450571783016
0.1538470000000000	0.1496710684931506	0.1323700305184458	0.8333335000000001	0.3724266552385248
0.4102570000000000	0.3817865136986303	0.3989465503125384	0.5833337500000000	0.4403885865568964
0.4615390000000000	0.4274485684931507	0.4179439574702781	0.9166667500000000	0.6280021836021203
0.6153850000000001	0.5913246095890411	0.6228708269395759	0.1666675000000000	0.1810466442990865
0.6410260000000001	0.6050232260273973	0.5895334414756710	0.9166667500000000	0.7426218201195445
0.3589750000000000	0.3564187054794521	0.3499209834538548	0.5833337500000000	0.4159068962445021
0.6923080000000000	0.6633691849315069	0.6809661236671161	0.4166672500000000	0.4214383691214615
0.7692310000000000	0.7407410000000000	0.7605101058953304	0.3333340000000000	0.3692635120108266
0.5641030000000000	0.5390669246575345	0.5693103951464639	0.2500007500000000	0.2393383437464757
0.1538470000000000	0.1572814109589042	0.1722033035911263	0.3333340000000000	0.1650519160933799
0.5641030000000000	0.5301881917808220	0.5245745653879154	0.8333335000000001	0.6621684267508741
0.6410260000000001	0.6126335684931508	0.6319405568084324	0.4166672500000000	0.4044322227359873
0.4102570000000000	0.3899042123287670	0.4320388079421497	0.0833342500000000	0.0681383631442427
0.2820520000000000	0.2853888424657536	0.2996697774237037	0.2500007500000000	0.1551722401037555
0.9487180000000001	0.9170472671232878	0.9260939579605344	0.4166672500000000	0.5001571355588137
0.2307700000000000	0.2333848356164383	0.2457416538791520	0.3333340000000000	0.1936848962445021
0.9487180000000001	0.9081685342465755	0.8751073684275034	1.0000000000000000	0.9701747994812226
0.3846160000000000	0.3614922671232879	0.3977209111410710	0.2500007500000000	0.1882286084357730
0.1794880000000000	0.1839176095890413	0.2016186437063366	0.2500007500000000	0.1224774761475133
0.5128210000000001	0.4769157945205481	0.4583900501286923	1.0000000000000000	0.6879944976880569
0.8974360000000000	0.8675800410958904	0.8830740230420395	0.3333340000000000	0.4031576568174128
0.1025650000000000	0.1065457945205480	0.1231777367324427	0.3333340000000000	0.1466888582384121
0.7692310000000000	0.7343990479452055	0.7280306678514524	0.7500002500000000	0.7218134574264126
0.7435900000000001	0.7463219178082191	0.7548721657065817	0.0000010000000000	0.0574835649035750
0.9743590000000001	0.9348047328767125	0.9081996260571147	0.9166667500000000	0.9377360227810986
0.5897440000000000	0.5568243904109589	0.5564411838460597	0.7500002500000000	0.6333618048945528
0.7948720000000000	0.7623036369863015	0.7666383017526659	0.5833337500000000	0.6032376542235255
0.3333340000000000	0.3361244589041097	0.3486953442823874	0.2500007500000000	0.1723126455396413
0.6666670000000000	0.6303910342465755	0.6140462249050128	0.9166667500000000	0.7597496947107252
0.5128210000000001	0.4781841849315069	0.4669695243289618	0.9166667500000000	0.6584181239427090
0.3333340000000000	0.3259773356164384	0.2953800403235690	0.9166667500000000	0.5420244778391791
0.2564110000000000	0.2536790821917810	0.2451288342934183	0.6666670000000000	0.3978911217999322
0.0512830000000000	0.0586006369863014	0.0835895914940556	0.1666675000000000	0.0312475563324687
0.8974360000000000	0.8587013082191782	0.8346612757690892	0.9166667500000000	0.8962911489793617
0.0512830000000000	0.0532733972602740	0.0618957781590881	0.5000005000000000	0.2127872739370700
0.6923080000000000	0.6582956232876712	0.6544923175634270	0.7500002500000000	0.6842334541558589
0.8717950000000001	0.8409438424657535	0.8525556076725089	0.4166672500000000	0.4781476018946655
0.0512830000000000	0.0570785684931507	0.0790547265596274	0.2500007500000000	0.0797759376339236
0.5641030000000000	0.5687472602739725	0.5832826817011889	0.0000010000000000	0.0314910127438818
0.0256420000000000	0.0253688082191781	0.0245137834293418	0.6666670000000000	0.2489763534453591
0.9230770000000000	0.8878742876712331	0.8824612034563059	0.6666670000000000	0.7254939455283637
0.6153850000000001	0.5859973698630138	0.6011770136046085	0.5000005000000000	0.4637568218112101
0.6410260000000001	0.6151703493150688	0.6428487454344893	0.2500007500000000	0.2593841150332694
0.1025650000000000	0.1014722328767123	0.0980521337173673	0.6666670000000000	0.3127386616668545
0.4358980000000000	0.4033491506849315	0.4020106482412061	0.8333335000000001	0.5771770774782904
0.6410260000000001	0.6075600068493150	0.6054667507047433	0.7500002500000000	0.6590697278673734
1.0000000000000000	0.9589041506849317	0.9241329352861870	1.0000000000000000	1.0000000000000000
0.7435900000000001	0.7141048013698631	0.7299916905257997	0.4166672500000000	0.4426119164317132
0.7435900000000001	0.7153731917808219	0.7359973224659886	0.3333340000000000	0.3621656835457313
0.1025650000000000	0.1093362534246576	0.1326151583527392	0.1666675000000000	0.0465387671140183
0.9743590000000001	0.9424150753424658	0.9506067413898762	0.4166672500000000	0.5074124946430586
0.6666670000000000	0.6316594246575343	0.6226256991052826	0.8333335000000001	0.7221052470959739
0.0000010000000000	0.0063429520547945	0.0300291597009438	0.2500007500000000	0.0624565201308221
0.6666670000000000	0.6380013767123288	0.6564533402377742	0.4166672500000000	0.4129066539979699
0.8205130000000000	0.7838662739726028	0.7697023996813336	0.8333335000000001	0.8048499949250029
0.9230770000000000	0.8916794589041096	0.9015811745311926	0.4166672500000000	0.4926780113905492
0.4615390000000000	0.4406398287671232	0.4810643748008334	0.0833342500000000	0.0792568026389985
0.0769240000000000	0.0799095958904109	0.0926593213629121	0.4166672500000000	0.1821833709259050
0.3076930000000000	0.3082198698630136	0.3132743722269886	0.4166672500000000	0.2796088983872786
0.9743590000000001	0.9449518561643838	0.9615149300159331	0.2500007500000000	0.3371111546182474
0.0256420000000000	0.0304423698630138	0.0496393864444172	0.3333340000000000	0.1167848924100598
0.3076930000000000	0.3044146986301371	0.2941544011521020	0.6666670000000000	0.4275158288034284
0.5897440000000000	0.5618979520547945	0.5829149899497488	0.4166672500000000	0.3871915705424608
0.6666670000000000	0.6291226438356167	0.6054667507047433	1.0000000000000000	0.7919038422239765
0.8717950000000001	0.8434806232876715	0.8634637962985658	0.2500007500000000	0.3145824859591744
0.8205130000000000	0.8224253424657534	0.8284105159946072	0.0000010000000000	0.0657342310815383
0.7435900000000001	0.7181636506849315	0.7454347440862850	0.1666675000000000	0.2088597491823615
0.3076930000000000	0.3006095273972603	0.2708672568942271	0.9166667500000000	0.5186813042742754
0.8974360000000000	0.8663116506849315	0.8770683911018508	0.4166672500000000	0.4850896898612835
1.0000000000000000	0.9627093219178082	0.9486457187155289	0.7500002500000000	0.8275021819104545
0.3076930000000000	0.3107566506849317	0.3241825608530455	0.2500007500000000	0.1636663626931318
0.0256420000000000	0.0291739794520548	0.0436337545042285	0.4166672500000000	0.1600789608661328
0.2820520000000000	0.2777784999999999	0.2622877826939576	0.7500002500000000	0.4505475213713770
0.3589750000000000	0.3576870958904110	0.3560491793111902	0.5000005000000000	0.3612079689861283
0.8974360000000000	0.8985287671232877	0.9019488662826327	0.0000010000000000	0.0727694053231081
0.3333340000000000	0.3247089452054795	0.2868005661232995	1.0000000000000000	0.5220091386038119
0.9743590000000001	0.9479959931506849	0.9713200433876700	0.0833342500000000	0.1638937080184955
0.5384620000000000	0.5098939452054796	0.5276386633165830	0.5000005000000000	0.4345456326829818
0.2820520000000000	0.2841204520547944	0.2947672207378356	0.3333340000000000	0.2131614091575505
1.0000000000000000	0.9718417328767123	0.9905625783797033	0.1666675000000000	0.2534462847637307
0.2051290000000000	0.2004066849315068	0.1813955973771295	0.8333335000000001	0.4333713135220481
0.6666670000000000	0.6702184931506848	0.6813338154185562	0.0000010000000000	0.0471366674185181
0.3589750000000000	0.3513451438356165	0.3198928237529108	0.9166667500000000	0.5596607467012519
0.7692310000000000	0.7420093904109591	0.7654126625811986	0.2500007500000000	0.2908544364497574
0.2564110000000000	0.2549474726027398	0.2518698497364874	0.5833337500000000	0.3572786541107476
0.2051290000000000	0.2029434657534248	0.1961032674347346	0.6666670000000000	0.3702695598285778
0.1538470000000000	0.1547446301369864	0.1599469118764554	0.5000005000000000	0.2602505334385924
0.4871800000000000	0.4926438356164382	0.5097443314131634	0.0000010000000000	0.0182244284425397
0.4358980000000000	0.4008123698630138	0.3848516998406667	1.0000000000000000	0.6226586733957371
0.4102570000000000	0.3767129520547945	0.3689183906115944	0.9166667500000000	0.5980570449983084
0.3333340000000000	0.3323192876712329	0.3315363958818484	0.5000005000000000	0.3479485451674749
0.5897440000000000	0.5542876095890412	0.5405078746169873	0.9166667500000000	0.7083463796097892
0.5384620000000000	0.5048203835616438	0.5000617819585735	0.8333335000000001	0.6458872792376228
0.3589750000000000	0.3630143356164383	0.3777429926461575	0.1666675000000000	0.1186000747716251
0.7692310000000000	0.7305938767123290	0.7035178844221106	1.0000000000000000	0.8549769539866923
0.4102570000000000	0.3779813424657534	0.3774978648118643	0.8333335000000001	0.5606077205368220
0.5384620000000000	0.5086255547945208	0.5215104674592476	0.5833337500000000	0.4968346715912935
0.4871800000000000	0.4629635000000002	0.4957720448584383	0.2500007500000000	0.2181039323333709
